0.0165925, 0
0, 0
1, 0

0.0285942, 0.00356944
0, 0
0.999999, 0.00133351

0.0382722, 0.0068837
0, 0
0.999996, 0.00266436

0.0467703, 0.0099921
0, 0
0.999992, 0.0039952

0.0545066, 0.0129397
0, 0
0.999986, 0.00532604

0.0616945, 0.015758
0, 0
0.999978, 0.00665686

0.0684613, 0.018469
0, 0
0.999968, 0.00798768

0.0748906, 0.0210893
0, 0
0.999957, 0.00931848

0.0810407, 0.023631
0, 0
0.999943, 0.0106493

0.0869545, 0.0261039
0, 0
0.999928, 0.01198

0.0926647, 0.0285158
0, 0
0.999911, 0.0133108

0.0981968, 0.0308729
0, 0
0.999893, 0.0146415

0.103571, 0.0331804
0, 0
0.999872, 0.0159722

0.108805, 0.0354429
0, 0
0.99985, 0.0173028

0.113911, 0.0376639
0, 0
0.999826, 0.0186335

0.118902, 0.0398468
0, 0
0.999801, 0.0199641

0.123788, 0.0419944
0, 0
0.999773, 0.0212947

0.128576, 0.0441091
0, 0
0.999744, 0.0226252

0.133275, 0.0461931
0, 0
0.999713, 0.0239557

0.137891, 0.0482482
0, 0
0.99968, 0.0252861

0.14243, 0.0502764
0, 0
0.999646, 0.0266165

0.146896, 0.052279
0, 0
0.999609, 0.0279469

0.151295, 0.0542576
0, 0
0.999571, 0.0292772

0.15563, 0.0562133
0, 0
0.999532, 0.0306074

0.159905, 0.0581473
0, 0
0.99949, 0.0319376

0.164123, 0.0600606
0, 0
0.999446, 0.0332678

0.168288, 0.0619543
0, 0
0.999401, 0.0345979

0.172402, 0.0638292
0, 0
0.999354, 0.0359279

0.176466, 0.065686
0, 0
0.999306, 0.0372578

0.180486, 0.0675258
0, 0
0.999255, 0.0385877

0.18446, 0.0693489
0, 0
0.999203, 0.0399176

0.188393, 0.0711563
0, 0
0.999149, 0.0412473

0.192285, 0.0729484
0, 0
0.999093, 0.042577

0.196139, 0.0747259
0, 0
0.999036, 0.0439066

0.199956, 0.0764892
0, 0
0.998976, 0.0452361

0.203737, 0.0782389
0, 0
0.998915, 0.0465656

0.207484, 0.0799753
0, 0
0.998852, 0.0478949

0.211198, 0.0816991
0, 0
0.998788, 0.0492242

0.21488, 0.0834107
0, 0
0.998721, 0.0505534

0.218532, 0.0851102
0, 0
0.998653, 0.0518825

0.222154, 0.0867983
0, 0
0.998583, 0.0532115

0.225747, 0.0884751
0, 0
0.998512, 0.0545404

0.229313, 0.0901411
0, 0
0.998438, 0.0558693

0.232852, 0.0917966
0, 0
0.998363, 0.057198

0.236365, 0.0934417
0, 0
0.998286, 0.0585266

0.239853, 0.0950771
0, 0
0.998207, 0.0598551

0.243317, 0.096703
0, 0
0.998127, 0.0611835

0.246757, 0.0983191
0, 0
0.998044, 0.0625118

0.250174, 0.0999259
0, 0
0.99796, 0.06384

0.253569, 0.101525
0, 0
0.997874, 0.0651681

0.256941, 0.103113
0, 0
0.997787, 0.0664961

0.260294, 0.104695
0, 0
0.997697, 0.0678239

0.263624, 0.106267
0, 0
0.997606, 0.0691516

0.266936, 0.107832
0, 0
0.997513, 0.0704792

0.270227, 0.109388
0, 0
0.997419, 0.0718067

0.273499, 0.110937
0, 0
0.997322, 0.0731341

0.276754, 0.112479
0, 0
0.997224, 0.0744613

0.27999, 0.114013
0, 0
0.997124, 0.0757884

0.283208, 0.115539
0, 0
0.997022, 0.0771153

0.286409, 0.117059
0, 0
0.996919, 0.0784421

0.289594, 0.118572
0, 0
0.996813, 0.0797688

0.292762, 0.120078
0, 0
0.996706, 0.0810954

0.295913, 0.121577
0, 0
0.996598, 0.0824217

0.299048, 0.12307
0, 0
0.996487, 0.083748

0.302169, 0.124556
0, 0
0.996375, 0.0850741

0.305274, 0.126037
0, 0
0.996261, 0.0864001

0.308364, 0.127511
0, 0
0.996145, 0.0877258

0.311441, 0.128979
0, 0
0.996027, 0.0890515

0.314503, 0.130441
0, 0
0.995908, 0.090377

0.317551, 0.131898
0, 0
0.995786, 0.0917023

0.320585, 0.133349
0, 0
0.995664, 0.0930275

0.323606, 0.134794
0, 0
0.995539, 0.0943525

0.326614, 0.136234
0, 0
0.995412, 0.0956773

0.32961, 0.137668
0, 0
0.995284, 0.0970019

0.332593, 0.139097
0, 0
0.995154, 0.0983264

0.335563, 0.140522
0, 0
0.995022, 0.0996507

0.338522, 0.14194
0, 0
0.994889, 0.100975

0.341468, 0.143355
0, 0
0.994754, 0.102299

0.344402, 0.144763
0, 0
0.994617, 0.103623

0.347324, 0.146168
0, 0
0.994478, 0.104946

0.350236, 0.147566
0, 0
0.994337, 0.10627

0.353137, 0.148962
0, 0
0.994195, 0.107593

0.356028, 0.150351
0, 0
0.994051, 0.108916

0.358906, 0.151736
0, 0
0.993905, 0.110239

0.361774, 0.153117
0, 0
0.993758, 0.111561

0.364633, 0.154493
0, 0
0.993608, 0.112884

0.367482, 0.155867
0, 0
0.993457, 0.114206

0.370318, 0.157233
0, 0
0.993304, 0.115528

0.373145, 0.158597
0, 0
0.99315, 0.11685

0.375965, 0.159957
0, 0
0.992993, 0.118172

0.378774, 0.161311
0, 0
0.992835, 0.119493

0.381571, 0.162664
0, 0
0.992675, 0.120814

0.384363, 0.16401
0, 0
0.992513, 0.122135

0.387143, 0.165354
0, 0
0.99235, 0.123456

0.389913, 0.166694
0, 0
0.992185, 0.124776

0.392679, 0.168029
0, 0
0.992018, 0.126097

0.395432, 0.16936
0, 0
0.991849, 0.127417

0.398176, 0.17069
0, 0
0.991679, 0.128737

0.400916, 0.172014
0, 0
0.991507, 0.130057

0.403642, 0.173333
0, 0
0.991333, 0.131376

0.406364, 0.174652
0, 0
0.991157, 0.132695

0.409075, 0.175966
0, 0
0.990979, 0.134014

0.41178, 0.177275
0, 0
0.9908, 0.135333

0.414477, 0.178583
0, 0
0.990619, 0.136651

0.417163, 0.179887
0, 0
0.990436, 0.13797

0.419847, 0.181187
0, 0
0.990252, 0.139288

0.422518, 0.182482
0, 0
0.990066, 0.140605

0.425185, 0.183776
0, 0
0.989878, 0.141923

0.427841, 0.185068
0, 0
0.989688, 0.14324

0.430493, 0.186354
0, 0
0.989496, 0.144557

0.433137, 0.187636
0, 0
0.989303, 0.145874

0.435774, 0.188917
0, 0
0.989108, 0.14719

0.438402, 0.190197
0, 0
0.988911, 0.148506

0.441025, 0.191472
0, 0
0.988713, 0.149822

0.443641, 0.192742
0, 0
0.988513, 0.151138

0.44625, 0.19401
0, 0
0.988311, 0.152454

0.448852, 0.195276
0, 0
0.988107, 0.153769

0.451447, 0.196541
0, 0
0.987901, 0.155084

0.454036, 0.1978
0, 0
0.987694, 0.156398

0.45662, 0.199056
0, 0
0.987485, 0.157713

0.459195, 0.200309
0, 0
0.987274, 0.159027

0.46177, 0.201563
0, 0
0.987062, 0.16034

0.464342, 0.202817
0, 0
0.986848, 0.161654

0.466889, 0.20406
0, 0
0.986632, 0.162967

0.469437, 0.205299
0, 0
0.986414, 0.16428

0.471985, 0.206539
0, 0
0.986194, 0.165593

0.474532, 0.20778
0, 0
0.985973, 0.166905

0.477065, 0.209016
0, 0
0.98575, 0.168217

0.479584, 0.210248
0, 0
0.985525, 0.169529

0.482104, 0.211478
0, 0
0.985299, 0.17084

0.484625, 0.212705
0, 0
0.985071, 0.172151

0.487145, 0.213932
0, 0
0.984841, 0.173462

0.489646, 0.215152
0, 0
0.984609, 0.174773

0.492139, 0.21637
0, 0
0.984375, 0.176083

0.49463, 0.217589
0, 0
0.98414, 0.177393

0.497122, 0.218809
0, 0
0.983903, 0.178702

0.499615, 0.220024
0, 0
0.983665, 0.180012

0.502091, 0.221231
0, 0
0.983424, 0.181321

0.504557, 0.222434
0, 0
0.983182, 0.182629

0.507022, 0.223638
0, 0
0.982938, 0.183938

0.509487, 0.224844
0, 0
0.982692, 0.185245

0.511952, 0.22605
0, 0
0.982445, 0.186553

0.514407, 0.227253
0, 0
0.982196, 0.18786

0.516845, 0.228448
0, 0
0.981945, 0.189167

0.519284, 0.229637
0, 0
0.981692, 0.190474

0.521723, 0.230827
0, 0
0.981438, 0.19178

0.524162, 0.232018
0, 0
0.981182, 0.193086

0.5266, 0.23321
0, 0
0.980924, 0.194392

0.529019, 0.234395
0, 0
0.980664, 0.195697

0.531429, 0.235576
0, 0
0.980403, 0.197002

0.533839, 0.236759
0, 0
0.98014, 0.198307

0.536249, 0.237942
0, 0
0.979875, 0.199611

0.53866, 0.23912
0, 0
0.979609, 0.200915

0.541072, 0.240297
0, 0
0.97934, 0.202219

0.543464, 0.241466
0, 0
0.97907, 0.203522

0.545848, 0.242633
0, 0
0.978799, 0.204825

0.548232, 0.2438
0, 0
0.978525, 0.206127

0.550616, 0.244968
0, 0
0.97825, 0.207429

0.552999, 0.246137
0, 0
0.977973, 0.208731

0.555381, 0.247306
0, 0
0.977695, 0.210032

0.557753, 0.248472
0, 0
0.977414, 0.211333

0.560108, 0.24963
0, 0
0.977132, 0.212634

0.562466, 0.250782
0, 0
0.976848, 0.213934

0.564824, 0.251934
0, 0
0.976563, 0.215234

0.567181, 0.253087
0, 0
0.976275, 0.216533

0.569538, 0.25424
0, 0
0.975986, 0.217832

0.571895, 0.255394
0, 0
0.975695, 0.219131

0.574232, 0.256541
0, 0
0.975403, 0.220429

0.576561, 0.257684
0, 0
0.975109, 0.221727

0.57889, 0.258829
0, 0
0.974813, 0.223025

0.581218, 0.259974
0, 0
0.974515, 0.224322

0.583546, 0.261119
0, 0
0.974216, 0.225619

0.585873, 0.262266
0, 0
0.973915, 0.226915

0.588205, 0.263404
0, 0
0.973612, 0.228211

0.59052, 0.264536
0, 0
0.973307, 0.229506

0.592823, 0.265663
0, 0
0.973001, 0.230802

0.595126, 0.266791
0, 0
0.972693, 0.232096

0.597429, 0.26792
0, 0
0.972383, 0.233391

0.599731, 0.269049
0, 0
0.972072, 0.234684

0.602034, 0.270179
0, 0
0.971758, 0.235978

0.604336, 0.271309
0, 0
0.971443, 0.237271

0.606637, 0.27244
0, 0
0.971127, 0.238564

0.608911, 0.27356
0, 0
0.970809, 0.239856

0.611185, 0.27468
0, 0
0.970488, 0.241148

0.613459, 0.275801
0, 0
0.970167, 0.242439

0.615733, 0.276921
0, 0
0.969843, 0.24373

0.61801, 0.278034
0, 0
0.969518, 0.24502

0.620287, 0.279147
0, 0
0.969191, 0.24631

0.622563, 0.280261
0, 0
0.968862, 0.2476

0.62484, 0.281375
0, 0
0.968532, 0.248889

0.627092, 0.282479
0, 0
0.9682, 0.250178

0.629341, 0.283583
0, 0
0.967866, 0.251466

0.631589, 0.284686
0, 0
0.96753, 0.252754

0.633837, 0.285791
0, 0
0.967193, 0.254042

0.636085, 0.286895
0, 0
0.966854, 0.255329

0.638333, 0.288001
0, 0
0.966514, 0.256615

0.64058, 0.289107
0, 0
0.966171, 0.257901

0.642828, 0.290213
0, 0
0.965827, 0.259187

0.64507, 0.291318
0, 0
0.965481, 0.260472

0.647289, 0.292413
0, 0
0.965134, 0.261757

0.649509, 0.293508
0, 0
0.964785, 0.263041

0.651733, 0.294594
0, 0
0.964434, 0.264325

0.653956, 0.295681
0, 0
0.964081, 0.265608

0.656179, 0.296769
0, 0
0.963727, 0.266891

0.658401, 0.297857
0, 0
0.963371, 0.268173

0.660624, 0.298945
0, 0
0.963013, 0.269455

0.662846, 0.300034
0, 0
0.962654, 0.270736

0.665068, 0.301124
0, 0
0.962292, 0.272017

0.667269, 0.302204
0, 0
0.96193, 0.273298

0.669463, 0.303282
0, 0
0.961565, 0.274577

0.671657, 0.30436
0, 0
0.961199, 0.275857

0.673851, 0.305439
0, 0
0.960831, 0.277136

0.676045, 0.306519
0, 0
0.960461, 0.278414

0.678239, 0.307598
0, 0
0.96009, 0.279692

0.680432, 0.308679
0, 0
0.959717, 0.28097

0.682625, 0.30976
0, 0
0.959342, 0.282247

0.684818, 0.310841
0, 0
0.958965, 0.283523

0.687011, 0.311923
0, 0
0.958587, 0.284799

0.689191, 0.312987
0, 0
0.958207, 0.286075

0.691361, 0.314047
0, 0
0.957826, 0.28735

0.693531, 0.315107
0, 0
0.957442, 0.288624

0.6957, 0.316168
0, 0
0.957057, 0.289898

0.697869, 0.317229
0, 0
0.956671, 0.291172

0.700039, 0.318291
0, 0
0.956282, 0.292445

0.702208, 0.319353
0, 0
0.955892, 0.293717

0.704376, 0.320415
0, 0
0.955501, 0.294989

0.706545, 0.321478
0, 0
0.955107, 0.29626

0.708713, 0.322541
0, 0
0.954712, 0.297531

0.710881, 0.323604
0, 0
0.954315, 0.298801

0.713037, 0.324662
0, 0
0.953917, 0.300071

0.715178, 0.325714
0, 0
0.953517, 0.30134

0.717318, 0.326767
0, 0
0.953115, 0.302609

0.719458, 0.327819
0, 0
0.952711, 0.303877

0.721599, 0.328872
0, 0
0.952306, 0.305145

0.723739, 0.329926
0, 0
0.951899, 0.306412

0.725878, 0.33098
0, 0
0.95149, 0.307679

0.728018, 0.332034
0, 0
0.95108, 0.308945

0.730162, 0.333079
0, 0
0.950668, 0.31021

0.732306, 0.334123
0, 0
0.950254, 0.311475

0.73445, 0.335167
0, 0
0.949839, 0.312739

0.736594, 0.336212
0, 0
0.949422, 0.314003

0.738738, 0.337257
0, 0
0.949003, 0.315267

0.740856, 0.33829
0, 0
0.948583, 0.316529

0.742972, 0.339323
0, 0
0.948161, 0.317791

0.745088, 0.340357
0, 0
0.947737, 0.319053

0.747204, 0.341391
0, 0
0.947311, 0.320314

0.74932, 0.342425
0, 0
0.946884, 0.321574

0.751436, 0.34346
0, 0
0.946455, 0.322834

0.753552, 0.344495
0, 0
0.946025, 0.324094

0.755667, 0.34553
0, 0
0.945593, 0.325352

0.757783, 0.346565
0, 0
0.945159, 0.32661

0.759898, 0.347601
0, 0
0.944724, 0.327868

0.762013, 0.348637
0, 0
0.944286, 0.329125

0.764128, 0.349674
0, 0
0.943847, 0.330381

0.766242, 0.350711
0, 0
0.943407, 0.331637

0.768357, 0.351748
0, 0
0.942965, 0.332893

0.770466, 0.352775
0, 0
0.942521, 0.334147

0.772559, 0.353789
0, 0
0.942075, 0.335401

0.774651, 0.354803
0, 0
0.941628, 0.336655

0.776743, 0.355817
0, 0
0.941179, 0.337908

0.778836, 0.356832
0, 0
0.940729, 0.33916

0.780928, 0.357847
0, 0
0.940277, 0.340412

0.78302, 0.358862
0, 0
0.939823, 0.341663

0.785111, 0.359877
0, 0
0.939367, 0.342913

0.787203, 0.360893
0, 0
0.93891, 0.344163

0.789294, 0.361908
0, 0
0.938451, 0.345412

0.791386, 0.362925
0, 0
0.937991, 0.346661

0.793477, 0.363941
0, 0
0.937528, 0.347909

0.795568, 0.364957
0, 0
0.937065, 0.349156

0.797659, 0.365974
0, 0
0.936599, 0.350403

0.79975, 0.366991
0, 0
0.936132, 0.351649

0.801841, 0.368009
0, 0
0.935663, 0.352895

0.803932, 0.369026
0, 0
0.935193, 0.35414

0.806026, 0.370036
0, 0
0.93472, 0.355384

0.808122, 0.371042
0, 0
0.934247, 0.356628

0.810218, 0.372049
0, 0
0.933771, 0.357871

0.812314, 0.373055
0, 0
0.933294, 0.359113

0.814403, 0.374059
0, 0
0.932815, 0.360355

0.816472, 0.375053
0, 0
0.932335, 0.361596

0.81854, 0.376048
0, 0
0.931853, 0.362836

0.820609, 0.377042
0, 0
0.931369, 0.364076

0.822677, 0.378037
0, 0
0.930884, 0.365315

0.824745, 0.379032
0, 0
0.930397, 0.366554

0.826814, 0.380027
0, 0
0.929908, 0.367792

0.828882, 0.381023
0, 0
0.929418, 0.369029

0.83095, 0.382017
0, 0
0.928926, 0.370266

0.833024, 0.383
0, 0
0.928432, 0.371502

0.835097, 0.383984
0, 0
0.927937, 0.372737

0.837171, 0.384967
0, 0
0.92744, 0.373971

0.839244, 0.385951
0, 0
0.926942, 0.375205

0.841317, 0.386935
0, 0
0.926442, 0.376439

0.843391, 0.387919
0, 0
0.92594, 0.377671

0.845464, 0.388903
0, 0
0.925436, 0.378903

0.847537, 0.389887
0, 0
0.924931, 0.380134

0.849614, 0.390864
0, 0
0.924425, 0.381365

0.851701, 0.391839
0, 0
0.923916, 0.382595

0.853807, 0.392823
0, 0
0.923406, 0.383824

0.855913, 0.393808
0, 0
0.922895, 0.385053

0.858019, 0.394792
0, 0
0.922381, 0.386281

0.860124, 0.395777
0, 0
0.921866, 0.387508

0.862236, 0.396749
0, 0
0.92135, 0.388734

0.864348, 0.397721
0, 0
0.920832, 0.38996

0.866459, 0.398692
0, 0
0.920312, 0.391185

0.868571, 0.399664
0, 0
0.91979, 0.39241

0.870689, 0.400623
0, 0
0.919267, 0.393634

0.872829, 0.401591
0, 0
0.918743, 0.394857

0.874975, 0.40256
0, 0
0.918216, 0.396079

0.877126, 0.403518
0, 0
0.917688, 0.397301

0.879277, 0.404474
0, 0
0.917159, 0.398522

0.881461, 0.405431
0, 0
0.916628, 0.399742

0.883648, 0.406382
0, 0
0.916095, 0.400961

0.885857, 0.407331
0, 0
0.91556, 0.40218

0.888083, 0.408272
0, 0
0.915024, 0.403398

0.890341, 0.409209
0, 0
0.914487, 0.404616

0.892631, 0.410139
0, 0
0.913947, 0.405832

0.894965, 0.411059
0, 0
0.913407, 0.407048

0.897356, 0.411964
0, 0
0.912864, 0.408264

0.899831, 0.412849
0, 0
0.91232, 0.409478

0.902431, 0.413697
0, 0
0.911774, 0.410692

0.905256, 0.41447
0, 0
0.911227, 0.411905

0.908627, 0.414971
0, 0
0.910678, 0.413117

0.910836, 0.411967
0, 0
0.910127, 0.414329

0.908987, 0.409405
0, 0
0.909575, 0.41554

0.907158, 0.407535
0, 0
0.909021, 0.41675

0.905375, 0.40592
0, 0
0.908466, 0.41796

0.903626, 0.404443
0, 0
0.907909, 0.419168

0.901902, 0.403056
0, 0
0.90735, 0.420376

0.900195, 0.401731
0, 0
0.90679, 0.421583

0.898503, 0.400452
0, 0
0.906228, 0.42279

0.896822, 0.39921
0, 0
0.905664, 0.423995

0.895145, 0.397994
0, 0
0.905099, 0.4252

0.893485, 0.396806
0, 0
0.904533, 0.426404

0.89182, 0.395634
0, 0
0.903964, 0.427608

0.890168, 0.394481
0, 0
0.903394, 0.428811

0.888522, 0.39334
0, 0
0.902823, 0.430012

0.886869, 0.392214
0, 0
0.90225, 0.431214

0.885216, 0.391088
0, 0
0.901675, 0.432414

0.883581, 0.389989
0, 0
0.901099, 0.433614

0.881948, 0.388891
0, 0
0.900521, 0.434812

0.880313, 0.387798
0, 0
0.899942, 0.43601

0.878673, 0.386716
0, 0
0.899361, 0.437208

0.877032, 0.385635
0, 0
0.898778, 0.438404

0.875391, 0.384555
0, 0
0.898194, 0.4396

0.873749, 0.383477
0, 0
0.897608, 0.440795

0.8721, 0.382412
0, 0
0.89702, 0.441989

0.870457, 0.381351
0, 0
0.896431, 0.443183

0.868835, 0.380301
0, 0
0.895841, 0.444375

0.867212, 0.379252
0, 0
0.895249, 0.445567

0.865588, 0.378204
0, 0
0.894655, 0.446758

0.863964, 0.377157
0, 0
0.894059, 0.447948

0.86234, 0.376111
0, 0
0.893462, 0.449138

0.860714, 0.375067
0, 0
0.892864, 0.450327

0.859088, 0.374025
0, 0
0.892264, 0.451514

0.857456, 0.372995
0, 0
0.891662, 0.452701

0.855823, 0.371967
0, 0
0.891059, 0.453888

0.85419, 0.370939
0, 0
0.890454, 0.455073

0.852556, 0.369913
0, 0
0.889848, 0.456258

0.850922, 0.368887
0, 0
0.88924, 0.457442

0.849287, 0.367863
0, 0
0.88863, 0.458625

0.847652, 0.366839
0, 0
0.888019, 0.459807

0.846016, 0.365817
0, 0
0.887406, 0.460988

0.844379, 0.364796
0, 0
0.886792, 0.462169

0.842742, 0.363776
0, 0
0.886176, 0.463349

0.841105, 0.362757
0, 0
0.885559, 0.464528

0.839466, 0.361739
0, 0
0.88494, 0.465706

0.837828, 0.360722
0, 0
0.884319, 0.466883

0.836188, 0.359706
0, 0
0.883697, 0.46806

0.834549, 0.358691
0, 0
0.883073, 0.469235

0.832895, 0.357672
0, 0
0.882448, 0.47041

0.831227, 0.356647
0, 0
0.881821, 0.471584

0.829558, 0.355624
0, 0
0.881193, 0.472757

0.827889, 0.354602
0, 0
0.880563, 0.47393

0.826219, 0.35358
0, 0
0.879931, 0.475101

0.824548, 0.35256
0, 0
0.879298, 0.476272

0.822877, 0.351541
0, 0
0.878664, 0.477441

0.821205, 0.350523
0, 0
0.878027, 0.47861

0.819533, 0.349506
0, 0
0.87739, 0.479779

0.817864, 0.348483
0, 0
0.87675, 0.480946

0.816195, 0.347456
0, 0
0.87611, 0.482112

0.814527, 0.34643
0, 0
0.875467, 0.483278

0.812857, 0.345405
0, 0
0.874823, 0.484442

0.811187, 0.344382
0, 0
0.874178, 0.485606

0.809517, 0.34336
0, 0
0.873531, 0.486769

0.807846, 0.342338
0, 0
0.872882, 0.487931

0.806174, 0.341318
0, 0
0.872232, 0.489093

0.804502, 0.340299
0, 0
0.87158, 0.490253

0.802829, 0.339281
0, 0
0.870927, 0.491412

0.801156, 0.338265
0, 0
0.870272, 0.492571

0.799482, 0.337249
0, 0
0.869616, 0.493729

0.797806, 0.336234
0, 0
0.868958, 0.494886

0.796103, 0.335209
0, 0
0.868299, 0.496042

0.7944, 0.334186
0, 0
0.867638, 0.497197

0.792696, 0.333163
0, 0
0.866975, 0.498351

0.790992, 0.332142
0, 0
0.866311, 0.499504

0.789287, 0.331121
0, 0
0.865646, 0.500657

0.787585, 0.330094
0, 0
0.864979, 0.501809

0.785884, 0.329065
0, 0
0.86431, 0.502959

0.784182, 0.328036
0, 0
0.86364, 0.504109

0.782479, 0.327009
0, 0
0.862968, 0.505258

0.780776, 0.325983
0, 0
0.862295, 0.506406

0.779072, 0.324958
0, 0
0.86162, 0.507553

0.777368, 0.323934
0, 0
0.860944, 0.508699

0.775663, 0.322912
0, 0
0.860266, 0.509845

0.773958, 0.321891
0, 0
0.859587, 0.510989

0.772252, 0.320871
0, 0
0.858906, 0.512133

0.770537, 0.319849
0, 0
0.858224, 0.513275

0.768802, 0.31882
0, 0
0.85754, 0.514417

0.767067, 0.317792
0, 0
0.856855, 0.515558

0.765335, 0.316754
0, 0
0.856168, 0.516698

0.763603, 0.315717
0, 0
0.855479, 0.517837

0.76187, 0.314682
0, 0
0.85479, 0.518975

0.760137, 0.313648
0, 0
0.854098, 0.520112

0.758403, 0.312615
0, 0
0.853405, 0.521248

0.756669, 0.311584
0, 0
0.852711, 0.522383

0.754933, 0.310553
0, 0
0.852015, 0.523518

0.753197, 0.309524
0, 0
0.851317, 0.524651

0.751461, 0.308497
0, 0
0.850618, 0.525784

0.749724, 0.30747
0, 0
0.849918, 0.526915

0.747988, 0.306441
0, 0
0.849216, 0.528046

0.746236, 0.305399
0, 0
0.848512, 0.529176

0.744474, 0.304354
0, 0
0.847807, 0.530304

0.742711, 0.303311
0, 0
0.847101, 0.531432

0.740948, 0.302269
0, 0
0.846393, 0.532559

0.739184, 0.301228
0, 0
0.845683, 0.533685

0.737419, 0.300188
0, 0
0.844972, 0.53481

0.735653, 0.29915
0, 0
0.84426, 0.535934

0.733887, 0.298113
0, 0
0.843546, 0.537057

0.732121, 0.297078
0, 0
0.84283, 0.538179

0.730358, 0.296033
0, 0
0.842113, 0.539301

0.728594, 0.294989
0, 0
0.841395, 0.540421

0.726829, 0.293947
0, 0
0.840675, 0.54154

0.725055, 0.292903
0, 0
0.839953, 0.542659

0.723262, 0.291852
0, 0
0.83923, 0.543776

0.721468, 0.290803
0, 0
0.838506, 0.544892

0.719673, 0.289756
0, 0
0.83778, 0.546008

0.717877, 0.28871
0, 0
0.837053, 0.547122

0.716083, 0.287658
0, 0
0.836324, 0.548236

0.714291, 0.286604
0, 0
0.835593, 0.549348

0.712497, 0.285552
0, 0
0.834862, 0.55046

0.710703, 0.284501
0, 0
0.834128, 0.55157

0.708908, 0.283452
0, 0
0.833394, 0.55268

0.707112, 0.282404
0, 0
0.832657, 0.553789

0.705316, 0.281357
0, 0
0.831919, 0.554896

0.703491, 0.280301
0, 0
0.83118, 0.556003

0.70167, 0.279237
0, 0
0.83044, 0.557109

0.699847, 0.278173
0, 0
0.829697, 0.558213

0.698024, 0.277112
0, 0
0.828954, 0.559317

0.696201, 0.276051
0, 0
0.828209, 0.56042

0.694376, 0.274993
0, 0
0.827462, 0.561522

0.692551, 0.273936
0, 0
0.826714, 0.562622

0.690725, 0.27288
0, 0
0.825965, 0.563722

0.688902, 0.271817
0, 0
0.825214, 0.564821

0.687079, 0.270754
0, 0
0.824461, 0.565918

0.685242, 0.269688
0, 0
0.823707, 0.567015

0.683389, 0.268618
0, 0
0.822952, 0.568111

0.681535, 0.267549
0, 0
0.822195, 0.569206

0.679681, 0.266483
0, 0
0.821437, 0.570299

0.677827, 0.265413
0, 0
0.820677, 0.571392

0.675975, 0.264339
0, 0
0.819916, 0.572484

0.674122, 0.263267
0, 0
0.819153, 0.573574

0.672269, 0.262197
0, 0
0.818389, 0.574664

0.670414, 0.261129
0, 0
0.817624, 0.575753

0.668559, 0.260062
0, 0
0.816857, 0.57684

0.666687, 0.258987
0, 0
0.816088, 0.577927

0.664806, 0.257903
0, 0
0.815319, 0.579013

0.662924, 0.256821
0, 0
0.814547, 0.580097

0.661042, 0.25574
0, 0
0.813775, 0.581181

0.659158, 0.254662
0, 0
0.813, 0.582263

0.657274, 0.253585
0, 0
0.812225, 0.583345

0.655391, 0.252503
0, 0
0.811448, 0.584425

0.653509, 0.25142
0, 0
0.810669, 0.585504

0.651625, 0.250339
0, 0
0.809889, 0.586583

0.649731, 0.249255
0, 0
0.809108, 0.58766

0.647818, 0.248167
0, 0
0.808325, 0.588736

0.645905, 0.247078
0, 0
0.807541, 0.589812

0.643994, 0.245984
0, 0
0.806755, 0.590886

0.642082, 0.244892
0, 0
0.805968, 0.591959

0.64017, 0.243802
0, 0
0.80518, 0.593031

0.638256, 0.242714
0, 0
0.80439, 0.594102

0.636342, 0.241625
0, 0
0.803598, 0.595172

0.63443, 0.240531
0, 0
0.802805, 0.596241

0.632498, 0.239432
0, 0
0.802011, 0.597309

0.630556, 0.238332
0, 0
0.801216, 0.598376

0.628614, 0.237234
0, 0
0.800419, 0.599442

0.626672, 0.236132
0, 0
0.79962, 0.600506

0.624731, 0.235029
0, 0
0.79882, 0.60157

0.622789, 0.233928
0, 0
0.798019, 0.602632

0.620846, 0.232828
0, 0
0.797216, 0.603694

0.618902, 0.231731
0, 0
0.796412, 0.604754

0.616947, 0.230621
0, 0
0.795606, 0.605814

0.614976, 0.229509
0, 0
0.7948, 0.606872

0.613005, 0.228398
0, 0
0.793991, 0.607929

0.611032, 0.22729
0, 0
0.793181, 0.608985

0.609062, 0.226177
0, 0
0.79237, 0.61004

0.60709, 0.225064
0, 0
0.791558, 0.611094

0.605118, 0.223953
0, 0
0.790744, 0.612147

0.603145, 0.222845
0, 0
0.789928, 0.613199

0.601152, 0.221724
0, 0
0.789112, 0.61425

0.599152, 0.220601
0, 0
0.788293, 0.6153

0.597151, 0.21948
0, 0
0.787474, 0.616348

